9984
9229
23136
5797
23253
63895
3613
5771
81929
55125
6093
114799
6632
57534
5932
3909
1000
1825
1824
7276
22878
64762
8715
1837
25800
55034
57536
5289
494470
51124
9388
4645
220134
4200
162681
9480
23327
220441
23556
57614
284293
54495
220164
10666
81832
55748
84735
55628
4772
80148
22982
1316
8644
1109
79754
54906
2665
3601
5209
3698
22944
2625
79746
254427
26019
106481172
5264
8559
79723
221061
1787
84898
64215
648
22921
22852
25805
55149
6935
3799
102031319
79741
8829
8453
100462843
57209
55454
220992
83937
220972
474354
196740
170371
2074
55753
8505
653308
5592
4153
7321
80114
220963
288
1959
221037
23411
26091
100271594
55680
55749
106479819
26128
55222
5092
64115
5660
9469
54541
170392
118487
23053
118881
84858
100131213
83938
10105
219654
4143
657
9060
5507
9044
3416
3087
26509
5950
64318
3070
728558
387707
9849
56889
84458
10023
5223
80019
112817
60370
3257
26507
2805
81894
1244
23268
100188954
1369
90271
55719
81855
27343
5662
79176
79004
403
54838
102724307
57412
9748
119392
9446
4601
6934
3026
4892
374354
63877
143384
641451
404636
119559
10579
51363
1488
56647
119467
4255
282974
170394
3632
101
282969
196743
92170
1571
57761
9491
9751
55968
10326
55423
140885
26792
3420
56265
64773
64601
64949
100134015
22888
9762
65992
3704
6614
80025
54498
650
22903
55304
51575
23767
6629
10621
388789
3170
7056
1471
22981
598
149951
63941
8894
84557
2937
26133
55741
111089941
101410538
3692
51614
140823
9584
51282
22839
10398
55969
140713
6714
7052
3929
128439
106480488
60625
84969
3787
6590
767557
55861
51604
10406
10005
140825
5476
63935
4318
2139
101927377
284749
1434
3745
7335
10079
128553
5203
140687
100291105
5105
56937
79716
11047
3911
6227
11054
63910
55738
79144
10139
84619
54923
56731
54963
57473
140700
54345
6919
642273
6201
3398
10971
9014
8462
192668
3241
79954
1876
100506457
79677
348654
57539
6382
388
64342
100874343
338
54454
2281
391356
51277
22979
100270858
54978
11117
3795
10669
51374
9784
64838
9577
100505716
100271294
23160
238
253558
79623
51072
6683
57448
4052
151325
104355287
104355288
51232
6801
5610
100505876
10153
10602
285154
130589
6654
80745
6546
9167
165140
23498
63892
64241
2034
805
80204
23198
130162
87178
7444
53335
5966
106479581
9736
84140
100271080
51057
51542
57162
101927438
400958
106481354
200734
54465
200558
307
64395
6637
84908
113419
27332
8291
84279
7840
100874291
8446
10617
55233
57835
100189589
6242
83444
7841
116540
84865
64427
151534
3196
550
27429
1796
102724515
56655
84141
1496
822
8673
10791
51255
8869
55037
51652
51315
2168
55258
3514
55654
10865
26505
54910
10120
80705
254773
9669
4862
3554
9173
2274
9648
3987
165055
100271023
344558
205251
10461
84524
84269
3557
23550
8886
8685
1622
140738
80775
5775
100873247
100505755
3625
254128
84365
274
4648
55679
84317
344148
4249
84083
7852
101928386
55777
26122
390
55183
10254
55660
29994
64844
4065
100526664
10010
79809
57405
79675
9360
6741
9874
79828
80067
1781
150737
129831
114880
101927027
100506866
101927055
7273
151126
57703
4760
151242
100131051
55854
84128
150709
5378
4430
8436
9262
101927482
284992
316
4999
285172
65072
8324
130026
65065
117583
54891
729332
1933
57683
1385
7855
200576
4133
33
1373
101928103
55686
3485
7145
14
25953
64114
58190
7429
57695
84812
617
1593
27013
79137
130617
10058
79065
8576
3300
23549
1674
29926
79586
130612
23363
10056
130340
57590
3667
81618
257407
5757
1146
80303
3769
25791
677775
677772
54576
54600
54577
54657
54658
6694
23677
57007
64284
375316
100533179
26146
2817
57140
189
666
51078
23192
84289
728294
6638
8924
22909
54893
6263
9990
7057
5330
22893
113189
84936
171177
54567
79094
23269
100137047
8681
100137049
197131
10169
25764
84978
6652
53905
90525
2628
283652
56986
11001
106481057
54822
23431
23312
29767
3175
256764
374618
55329
84952
366
3990
79664
54832
83660
7168
51762
8925
79856
348093
51324
54956
54878
9187
10260
84465
54962
55055
4091
8125
55323
4649
3073
9399
1544
25989
10066
4351
56905
54939
4123
55272
257364
49855
23205
3658
10588
2184
3603
100505616
123722
53346
64963
4240
11057
5346
290
3418
10509
10519
28232
400451
1106
123355
55180
5046
6550
65980
9037
100505806
1611
4651
55322
51663
10923
81792
64902
5618
79925
133688
25836
646723
65250
3977
253260
2533
735
6167
730
100129792
648987
375444
3672
53918
10468
54505
23517
166968
25859
1161
27292
51194
101180901
285671
285672
11174
64105
23398
55914
375449
101928858
102157402
5884
55814
84135
64283
10412
51426
134359
55255
100422441
23743
9456
345778
1719
134526
23635
6228
5921
902
153396
100505894
1070
731157
7025
84250
9652
4012
109729144
1105
353189
54826
23262
2241
91137
134430
324
6728
167227
4163
9140
1657
100418707
153443
5480
153241
57507
501
6558
3094
90624
51735
96459
10111
134548
134549
100874502
5515
51265
9547
3950
7045
6695
10949
9499
27039
51306
1958
2107
1495
26821
340061
51523
84418
10011
10307
929
4695
3035
56120
100505658
9812
10007
81848
153769
51520
54439
6690
5145
5159
972
6208
3340
11346
85027
309
6678
475
10146
386627
408263
134510
285627
114825
2554
5917
79646
54908
100131897
64901
4869
92181
1843
57222
677841
8614
192286
22838
90249
3101
2264
53917
83463
27166
10960
10636
2161
2870
80758
1627
9260
54540
11285
11282
8878
23061
55819
57472
4245
90933
10399
25759
91300
57418
10347
6794
513
90007
1153
55009
374291
2593
148223
92840
10975
113178
1455
2872
113177
55111
8175
56928
26517
4616
148254
166
2769
56926
4782
51343
10362
6915
9546
1613
51548
10148
55620
80700
440503
116844
56005
148022
5802
125988
163154
56931
2527
126328
4298
8192
84266
970
8740
718
57192
10908
57662
6813
339390
6618
79603
51293
6234
51129
9230
51257
84330
374879
79088
55337
125950
3385
7297
9817
84971
1032
81890
11018
10498
78992
90580
25959
57572
55908
374882
126075
2057
57139
115948
5589
51295
84337
54
7695
84292
51398
84261
79002
439
3726
7001
22983
1777
2639
4066
8677
9592
81576
84245
54862
90379
976
5585
10755
4713
10994
58525
114770
4051
66002
8907
79086
55850
79629
79575
79016
57719
25796
55201
115098
25804
54858
9518
126364
51477
79036
55049
23373
11316
93436
284439
54929
4207
100271849
8625
23383
9170
56242
7639
148213
83636
22847
55094
4037
79047
57655
3249
100128675
51599
933
93099
10430
79713
55851
126393
115703
10870
7305
79414
644096
84964
5438
7705
84911
163081
374899
199704
148266
126231
10653
90522
27335
147968
3960
1891
4793
54938
6183
126433
10298
2091
163131
208
23646
645
92799
8425
79934
80271
53916
1555
56915
593
55101
10567
2931
2077
23152
126299
5329
3783
284349
342909
7769
602
348
11129
284352
79090
2068
10848
2067
54814
147912
1760
3171
26145
5739
1175
11133
8775
29998
6822
2014
55260
10945
9266
6141
56848
26291
587
51171
57664
4924
581
6625
951
55011
2323
23521
2217
51070
6237
3661
160
53635
11284
84335
79735
259307
22809
51231
79784
284361
126119
554235
6320
284365
2109
80110
284371
5518
90321
147657
84671
91663
121832802
55655
54776
255043
23640
84787
388564
6158
79763
57106
84922
147807
147808
51157
51545
29903
29924
390980
10794
7710
1
10998
84878
27243
23189
6595
106480208
7436
9933
5991
101929302
169792
3717
107075311
107075153
29126
2315
90865
115426
90871
286343
8777
4781
340481
158326
54875
10670
54801
55667
6194
55958
4507
286319
10210
55234
360
203259
11258
2592
138724
84720
30968
10497
9853
7016
27240
203260
7169
10488
57704
84681
51754
84186
9380
26267
158234
6461
5239
9414
23137
687
23670
138241
9615
216
2650
23230
3190
51280
79670
10912
4783
10558
55035
4969
83744
203328
84270
4814
138639
2203
375748
22927
8555
10952
570
229
19
2218
58499
54566
1902
158401
169834
54836
81932
210
257169
114991
259
113220
85301
9550
100128505
7099
2934
153090
4702
92399
5742
54542
23637
2844
9355
613206
5695
100379345
406954
29988
26783
64855
286207
138428
27433
1025
2356
2022
203
30815
30815
8818
79095
26995
10999
81605
89891
29941
84885
10444
2021
883
56262
254295
22845
56904
84895
1384
28989
445
10585
83549
23064
64794
6130
6834
6836
1621
1757
6256
2220
51116
728489
64170
51162
10555
85014
29085
158056
8721
54461
733
286256
286257
20
56654
11253
29952
389816
29882
286262
94107
727800
54932
10811
26012
4350
83986
10573
58986
4833
9091
57799
84326
197335
89941
339123
84219
65990
84264
8938
115939
84572
283951
1186
9894
23162
4832
90864
3029
51734
2671
9351
4913
7249
5310
84231
64223
283870
1632
57465
51005
54442
10942
114984
51330
54985
79228
7760
79903
124402
84309
79641
18
106479492
23589
2013
9516
8303
26156
2072
5073
51283
54700
9665
4363
23049
9738
54988
6296
1428
7385
105371130
3566
1201
55911
25970
83985
27040
4150
9961
10423
8479
283899
226
83719
5595
11151
197407
22928
79724
146542
78994
64319
23361
9274
93129
80270
112755
6810
339105
10295
3687
79798
6524
64755
10308
388272
84706
64282
1540
27324
80205
23322
55239
4494
6367
92922
9289
3801
57567
79650
4324
2806
1003
100529251
123920
8883
51647
8717
55336
3299
8996
84080
388284
81577
80152
5681
5699
80004
23659
54496
79613
64146
10725
197258
92154
6898
463
197257
9564
3294
29948
9013
79791
81631
23174
84627
4597
353
5119
8558
84501
79007
2622
100130015
7750
51084
64328
26278
55504
6049
6144
51082
255967
51371
3146
10129
100533851
5983
79612
160851
11215
100420920
1361
106481000
8803
9445
100418740
83852
51131
3839
10206
283518
8847
647174
26512
540
440138
9882
115207
100874212
1910
79596
10253
10082
5611
106478951
55757
10160
337867
7174
1948
8660
55608
23263
2159
100873860
55841
1183
4281
7114
6399
8481
2824
2742
59272
8233
8905
55787
256643
100874078
1968
7543
5009
7102
58526
8239
4128
4129
7403
84679
9767
7592
369
6853
7076
5199
8409
347344
10682
4943
5935
64743
7454
10013
10245
10084
7355
7030
90060
11230
9500
100631242
3028
10916
7216
644924
11326
60401
367
9754
29934
4303
6872
2833
6191
53344
7503
100302692
340533
546
254065
139324
7552
79983
1730
6173
107075144
107075275
27018
6906
55086
79589
9075
55285
1831
5716
79836
292
768218
79576
158801
2892
57187
10735
10178
6594
8862
10813
9131
55609
106480063
3547
286467
90167
2239
8933
26071
2273
79649
4168
286410
203547
7739
215
6748
8260
5973
2010
1774
6901
537
2664
9130
8270
8266
60343
2539
4354
7411
5154
51608
11033
84310
115330
2852
26173
202915
221927
9907
79034
100271464
9678
23161
100874041
6671
54543
84668
10643
54205
358
23658
51251
168667
989
80820
353345
51314
27072
64951
165
29881
83637
5478
83605
9238
10268
3484
3486
7378
1644
2887
23242
1956
81552
51427
7697
168374
2990
435
51085
84277
114049
83451
7458
9569
101926943
57414
5447
83862
4191
3315
2770
9988
5244
53616
26872
100421599
7978
10142
1595
889
84060
257415
54809
55610
1278
5445
5166
57001
25851
25798
10552
10095
9551
221786
64816
563
389541
55262
221908
5118
64598
7036
2783
10248
2050
56996
7205
4584
5054
1174
346606
8985
10467
24146
51024
54784
222229
222236
27000
5701
5649
645591
168455
2845
93986
338069
93654
83992
23554
54556
79974
10447
2918
168850
381
29999
64101
106479253
611
340348
114960
378805
54927
800
340351
55281
26266
100130880
6718
254048
154791
64761
90956
55750
57189
7791
2041
106479413
643641
155066
29803
28959
55365
26
11194
6522
10922
83590
116988
6469
140545
339451
375790
7293
51150
116983
80772
1855
54998
148413
55052
64856
142678
65220
199990
11079
5192
1953
127262
57212
57470
6146
387509
83715
3104
9903
106614088
9563
80176
5226
378708
100526739
93611
26270
10459
57085
4524
5351
60672
9249
727684
842
79814
388595
1969
9696
23400
55160
8659
8574
54896
4681
100532736
79594
978
1650
249
5909
84196
401944
29092
712
714
713
6920
3399
6135
3155
10250
57134
57190
56181
83442
91544
1043
10726
8431
23038
84065
9064
27245
2268
22826
93974
83667
54797
7805
9672
347735
64129
339487
149076
1912
113444
6421
9202
100861513
5690
192669
54936
27095
55194
84967
1441
149175
127687
64121
81025
23499
6018
9783
100418723
4904
64175
7075
5792
533
8704
55929
79033
79639
79654
7389
51249
23139
10103
55624
2166
100130197
79656
114883
5865
91408
23318
2882
55268
54987
55706
54432
51668
51253
374977
1718
255738
23358
8613
731
732
114803
3725
1573
4774
85440
84455
5236
57708
3595
26135
1647
79971
106480496
9295
1491
9406
127253
26009
23032
374986
91624
11080
23266
2787
126820
55283
23576
3491
255631
57489
9653
5586
23507
284695
84146
11146
79871
6125
6083
343099
8412
1266
101928098
148534
163786
54482
127495
104355286
6884
127002
271
2948
10768
10542
10390
515
11218
359752
4343
389
333926
100506392
845
101929023
965
8458
54834
10885
200162
6913
101929147
26227
3158
105371260
51027
317772
51177
51107
9129
1893
8416
55793
8991
5692
57530
6097
6280
6279
23557
200186
91181
25912
3570
126669
100874097
10654
57326
1163
80308
51043
8751
1944
1942
55974
54344
55870
6746
28956
4000
84283
112770
7203
128240
51093
9826
922
4332
325
1401
54935
93185
100131187
81607
4817
5498
2207
336
84134
9970
654790
4259
375035
6375
481
2153
55732
106479320
2328
8674
51430
646870
9588
84614
149041
9910
100271104
101928696
63923
89866
111240474
89866
9857
5768
2752
6004
403314
81563
80267
5997
51377
6738
79577
8707
3080
81494
360023
2494
83479
23271
55765
252839
7139
3898
1999
127829
92703
8497
9877
100381270
9580
55224
127845
22874
4194
5129
148808
1939
8444
9261
5284
55432
725
722
3664
27042
9926
25896
29937
90806
26750
55105
51018
677818
9015
148362
824
7159
2052
286826
8476
339500
65094
128308
2987
92815
149603
2590
183
64801
57568
101927765
388753
106479466
9804
23029
51742
1130
4811
56605
64388
10806
10000
159
7678
27440
83733
55670
9993
8220
6576
10587
1312
27037
5902
29801
65078
51586
3053
8216
7332
23753
9647
100423062
51733
83606
388886
8459
23760
7494
83999
129080
25807
164633
55954
652968
284904
9514
6948
7078
109616998
100506195
4151
11020
7263
4357
164656
5880
29775
11135
3957
26088
23616
57026
3956
3005
23464
129138
5435
9463
8398
23764
25777
10126
9145
91582
101927257
100874254
6767
7008
5372
27351
4668
150372
1727
27349
706
758
64098
55615
2192
55020
9620
79087
415116
80305
83642
85378
83933
6300
5600
23654
414918
9701
79924
91289
440836
1375
386593
1120
410
6539
4815
83714
7004
10867
57103
57102
101929549
3736
928
7132
4055
51258
692148
51147
50813
8079
920
8078
113246
677777
716
715
51279
9746
5830
9332
170482
2
3820
9976
51266
55110
1027
50865
55766
2059
4257
6579
3764
10060
55500
6660
586
100419930
55259
3709
26127
23012
101928646
341346
55297
83857
10526
58516
160518
116435289
55196
5318
144402
10138
83448
9169
79657
121275
904
112
784
55716
84790
79962
10445
84070
2819
84987
113251
25840
9802
9498
91
160622
3164
60673
1975
23371
8435
3695
84975
5204
60314
54458
6895
517
57658
112935960
3178
22818
25946
3678
5502
196410
2647
967
84324
4327
6490
6821
6231
140465
283375
9924
6773
319
106479516
8630
4035
6472
3626
83729
114785
10540
196403
100506844
9194
338811
9958
11260
29110
400046
92797
55832
5908
4193
1368
10818
117177
196446
196441
23011
256710
11103
22822
4673
114882
144455
5074
4659
79611
29080
80184
1848
490
256021
694
8411
101928731
51134
106481013
144193
3034
5128
106481179
144535
121457
9971
27340
55332
100271045
5053
429
7184
4801
338773
6404
1610
84749
32
326625
4598
28981
144717
217
10961
80018
6128
84934
53373
113675
106480408
5037
6175
5829
35
5025
10645
54509
3242
5715
79676
51329
10198
55206
23545
949
144423
8408
677829
79050
100507055
101060200
7531
51763
5176
1801
9905
23277
162514
100533970
124936
409
400569
9032
5694
5338
50488
1145
8402
26001
2027
388325
440400
100529209
124944
201232
433
432
1742
23399
23587
57048
57555
284114
2256
8742
407977
8741
9526
112483
6462
84316
58485
84667
5187
6844
54785
399512
29098
4628
124739
106479561
106479509
125144
388341
56953
51655
10400
6720
51168
100271543
6470
22905
55244
218
11216
25979
8834
5606
26073
7448
23098
113235
230
83871
6147
9618
2319
51268
399687
9220
57532
116236
90313
84940
100128710
374786
9527
79915
4974
101927057
55813
7756
162394
55106
100506736
10948
93210
2064
84299
2886
94103
5709
9572
5914
3487
3728
55175
1267
28511
79132
2648
5878
84514
535
4669
80347
79990
84313
2538
10493
379
2118
1845
162417
92579
79089
51629
2896
10614
124790
114881
124995
90507
100506325
51226
4779
29916
105371807
3212
11267
162466
22834
11143
201191
162461
64847
8714
91369
51747
400604
54799
252983
55273
58488
8161
404093
7716
54894
5414
4591
348235
388403
9969
51204
5705
6603
90799
350
5578
9931
9120
10351
55890
326624
9368
54868
2232
283987
51081
9772
57513
3993
2584
23558
91107
64978
100134934
283991
100271221
100507246
654434
125061
8632
3959
125058
2548
6448
79643
146705
124565
80233
55666
339229
1468
2642
348262
5034
396
51529
5833
79058
201255
5881
51181
5986
64118
2194
9123
26502
55770
1992
4835
8899
222826
51299
285780
6745
154007
9521
4117
405754
3096
10486
221656
7913
100874268
54901
6659
7915
10786
8364
3008
8351
3013
346157
3009
8356
7718
221496
221491
6204
222663
7629
4736
6732
5292
266727
60685
8645
23500
100505635
4337
79865
116113
896
285855
27232
107080644
5190
116138
51069
5754
10591
10864
25844
9587
7422
27242
55166
730101
101927136
667
57691
26036
5558
23469
57579
55510
1915
27145
26054
100421091
55023
100419073
83699
90025
22832
387066
100127917
23036
206412
58528
23195
9994
23376
253714
25957
85015
10973
57531
55278
100422737
51362
262
5980
643749
3910
101927686
3066
1300
221302
3841
387119
221322
10924
154214
7164
5796
84456
9465
383
5167
8876
54806
9774
4217
101928461
100873479
57224
10370
57211
3097
2519
84946
7402
257218
10981
134957
389432
23328
85313
9113
348995
389434
154043
26230
49861
51429
6950
6580
6581
56895
84498
5689
10752
51095
100507582
8553
29995
56852
4968
10474
84522
84818
51738
491
6529
5468
100129480
6161
79885
27258
84077
7182
23228
9497
7048
23171
112616
2720
10491
25827
9209
2803
3680
10217
5333
30
9941
6336
64689
64651
9045
54986
4820
1238
729085
55129
285346
285349
57456
23016
64866
22908
10663
83597
79442
4634
5745
29072
22937
5364
51372
5210
7384
51517
10425
54681
11180
55152
25915
3913
84276
327
100129060
10991
24142
3373
8692
11334
10641
11070
51161
51409
1154
7867
10039
57060
84836
25864
100526760
95
11344
132160
132158
7134
23166
440957
55193
28972
3697
3699
3700
100873993
7086
55349
55540
285331
142686
378
8309
5793
132200
100874039
26018
7110
9039
27086
151987
728290
5627
200894
55076
57337
27107
79598
868
961
90102
79669
257144
55779
100874029
152185
205717
57577
26137
51300
51365
10063
8856
2932
100129707
116064
4710
2804
6565
1475
131076
26355
79663
64770
3693
54946
10840
100874204
100862662
28999
166012
80325
11343
60678
8971
23129
152195
131870
7018
51421
80254
10274
199221
25852
5922
483
256356
545
26577
23350
5352
57088
185
6596
1356
7104
25937
6478
285313
645843
170506
4311
7881
6747
51319
29970
100174949
286827
590
11235
100874431
151827
100128164
7095
26996
80012
6498
200916
6514
5337
106480959
10242
64393
55669
59345
151613
54165
1857
55324
5437
64110
100271004
2119
197
26998
3273
3827
604
55214
9076
3556
79572
23527
5504
106479554
10188
7037
26043
106480509
165918
200933
1739
255403
84286
1609
3425
53834
10417
92305
2261
401115
353497
79441
10227
6002
4043
2121
7466
23324
93621
114932
55330
80273
116449
80306
254251
166647
57733
10891
29063
116984
7096
10333
106481074
55728
152518
7294
7006
326340
100861517
132299
100873913
64854
3791
9575
55763
9662
5978
1060
55236
550112
2798
100381178
6783
8671
2638
213
173
728040
166824
100507388
152815
8615
27163
101928809
100129583
8987
57619
55589
106480956
153020
132660
51316
84142
83478
51170
6696
9429
107057647
51191
10144
401145
56916
1977
130
126
4547
27071
79982
55024
106481796
80319
101929468
54790
27068
101929529
255743
93627
9255
166929
51176
64850
3426
55345
51574
8492
57721
401152
8654
308
84162
166378
10252
22824
132320
641364
1998
80155
4258
2549
10393
6059
54726
101927659
79658
729558
100873433
152503
23321
7097
2244
2243
2266
79884
2982
6999
56034
57600
92345
55319
55601
4750
9848
101928198
11341
80014
728175
836
201973
79682
100506229
55805
8470
7098
25854
3818
2160
2195
6038
283
6035
64745
57447
55701
3183
319103
1603
5018
26020
84962
5693
64403
100507650
4625
8906
102724814
10202
5106
80344
9985
10548
51292
5875
4776
56948
29091
5587
55632
23256
11154
171546
58533
55012
5687
84312
51562
122553
23116
55015
2287
57697
55320
6235
9147
8814
11183
106479387
5836
102723604
51637
57544
5706
105370503
2764
122809
3895
55195
5926
387990
26520
51339
64582
57570
6617
102723809
26030
2877
2530
161145
5890
677
87
64093
100418877
79697
10577
122961
283571
27030
10972
2353
55668
64207
2954
81892
8477
11099
29018
90141
5700
145567
55671
123036
9321
4287
79890
55727
57062
51156
866
5265
256394
5104
12
677768
2009
123096
283600
55384
5527
5891
51550
81693
91828
1152
9556
374569
64423
122622
10572
207
100128927
122618
3714
256281
1397
1396
3495
3507
157697
79648
285
55326
137075
79660
4482
100271154
66036
252969
1508
51201
6542
2267
5108
10
63898
526
11178
9046
2039
64760
10174
64236
541565
203069
51312
54793
1191
157570
55893
7976
100271512
79618
7486
79845
80139
54904
10947
7419
8973
55145
84376
1052
115294
6917
26795
5324
90362
1581
7274
27319
9420
254778
4603
79848
10565
7013
6129
27067
55284
3174
760
101929709
4683
51633
100130742
91147
25788
9134
79666
51001
10404
92140
55353
6156
6788
157680
1345
25897
7534
50484
115908
81034
25879
84955
7227
84294
401474
4982
10584
6873
64798
6641
312
157769
286053
10221
4609
106481870
50807
23167
51105
6482
594840
22898
105375787
51337
116447
79792
1936
9831
340371
26873
54512
8733
1537
81858
84232
8694
79581
26233
203054
29894
51160
50626
90990
8928
84988
2875
113655
9684
414919
340385
28991
149998
64092
29761
54149
54072
114614
2551
26046
10600
571
100379661
2897
54069
56246
94104
3460
54102
861
100506403
23515
7267
3772
2114
54014
54101
9619
54020
101928399
8566
105372824
1476
5822
5211
755
7226
3689
80781
1291
4047
23410
80162
59307
100506211
53841
6888
79751
55367
57104
977
5441
66005
54472
81532
1509
4046
51214
29125
10077
101927682
975
10078
4676
3045
340980
53840
445372
84067
112464
6609
3263
23647
6881
1200
6157
10527
677808
106480459
133
10894
692223
58486
7003
84188
6291
100528017
2965
160287
89797
10196
8424
55366
106480883
120526
7490
79832
55346
1479
847
79899
8539
111082977
100507300
3732
90139
55343
9409
79797
2147
84364
29763
6688
91252
4722
23360
85456
8501
9246
710
280636
643376
1270
92292
374393
51296
55048
220001
26007
220002
745
64852
256364
23193
790955
51035
26580
5436
10629
79064
374395
6811
54663
114571
11145
28992
83707
84304
3338
56834
51504
283234
8986
10235
23130
5526
402
29901
10004
7542
738
84447
823
283130
378938
57410
10534
23625
254102
4296
6494
5970
80198
9158
11007
83638
9092
81876
10897
254359
8722
9973
9986
5091
338692
57804
23529
5499
57175
80194
9049
9600
4723
254552
91703
4728
10312
219931
22941
1717
55004
3636
10809
9828
51287
7351
254225
11309
6188
6079
114599
80168
5612
2615
25987
726
4647
100506282
23682
10003
26973
56935
85459
79101
9440
4361
54851
105369438
154810
79780
330
4316
80310
143884
91801
8065
4863
472
160140
1662
1410
100528019
91894
55216
7704
54494
23705
116519
345
335
104326055
5049
51092
6876
486
53826
120425
10205
10632
84866
1656
51399
2542
1798
79671
9099
5818
220323
6653
85389
55800
7753
90952
79684
64221
220296
80071
219855
56
399968
6484
9743
112936
